|       ra|      dec|
|   double|   double|
|      deg|      deg|
 304.50417 -55.65944
 304.75417 -52.90583
 305.74583 -54.08722
 306.27083 -54.06722
 306.80833 -55.31278
 306.68750 -55.37444
 310.30000 -52.96083
 310.77917 -50.98389
 311.22500 -53.66389
 311.47083 -51.11972
 313.01667 -52.77194
 312.91667 -57.07556
 314.54167 -48.63028
 314.65833 -57.94361
 315.93750 -49.02972
 320.59167 -56.01667
 322.11667 -57.85806
 322.32917 -50.88417
 322.26250 -58.01667
 323.76250 -52.83861
 323.41250 -53.30250
 323.53333 -53.60306
 324.04167 -55.22778
 324.23333 -61.38833
 324.87500 -51.39556
 325.76667 -61.46750
 326.00000 -56.62250
 327.10000 -57.23083
 326.99167 -58.35250
 327.62083 -49.06306
 327.57500 -62.18472
 327.87083 -55.33833
 327.74167 -57.67917
 328.40000 -50.48167
 328.80417 -59.15083
 330.10000 -56.17833
 330.58333 -54.88111
